读取数据...
加载并评估hmm模型...
           precision    recall  f1-score   support
   B-CONT     0.9655    1.0000    0.9825        28
        O     0.9568    0.9177    0.9369      5190
    E-PRO     0.6512    0.8485    0.7368        33
    B-ORG     0.8422    0.8879    0.8644       553
   B-NAME     0.9800    0.8750    0.9245       112
   E-CONT     0.9655    1.0000    0.9825        28
    E-EDU     0.9167    0.9821    0.9483       112
    E-ORG     0.8262    0.8680    0.8466       553
   B-RACE     1.0000    0.9286    0.9630        14
  B-TITLE     0.8811    0.8925    0.8867       772
    B-PRO     0.5581    0.7273    0.6316        33
  E-TITLE     0.9514    0.9637    0.9575       772
    M-EDU     0.9348    0.9609    0.9477       179
    B-LOC     0.3333    0.3333    0.3333         6
    M-ORG     0.9002    0.9327    0.9162      4325
    E-LOC     0.5000    0.5000    0.5000         6
   E-NAME     0.9000    0.8036    0.8491       112
   E-RACE     1.0000    0.9286    0.9630        14
   M-NAME     0.9459    0.8537    0.8974        82
    M-PRO     0.4490    0.6471    0.5301        68
   M-CONT     0.9815    1.0000    0.9907        53
    B-EDU     0.9000    0.9643    0.9310       112
  M-TITLE     0.9038    0.8751    0.8892      1922
    M-LOC     0.5833    0.3333    0.4242        21
avg/total     0.9149    0.9122    0.9130     15100

Confusion Matrix:
         B-CONT       O   E-PRO   B-ORG  B-NAME  E-CONT   E-EDU   E-ORG  B-RACE B-TITLE   B-PRO E-TITLE   M-EDU   B-LOC   M-ORG   E-LOC  E-NAME  E-RACE  M-NAME   M-PRO  M-CONT   B-EDU M-TITLE   M-LOC 
 B-CONT      28       0       0       0       0       0       0       0       0       0       0       0       0       0       0       0       0       0       0       0       0       0       0       0 
      O       0    4763       4      37       0       0       2      30       0      26       3      26       1       0     204       0       2       0       0      12       0       1      78       0 
  E-PRO       0       0      28       0       0       0       1       2       0       0       0       0       1       0       0       0       0       0       0       0       0       1       0       0 
  B-ORG       1      28       0     491       1       0       0       0       0       6       0       0       0       3      23       0       0       0       0       0       0       0       0       0 
 B-NAME       0       8       0       1      98       0       0       0       0       0       0       0       0       0       2       0       0       0       0       0       0       0       0       0 
 E-CONT       0       0       0       0       0      28       0       0       0       0       0       0       0       0       0       0       0       0       0       0       0       0       0       0 
  E-EDU       0       0       1       0       0       0     110       0       0       0       0       0       1       0       0       0       0       0       0       0       0       0       0       0 
  E-ORG       0      10       0       0       0       0       0     480       0       9       1       1       0       0      30       0       0       0       0       3       0       1      18       0 
 B-RACE       0       1       0       0       0       0       0       0      13       0       0       0       0       0       0       0       0       0       0       0       0       0       0       0 
B-TITLE       0      20       0       6       0       0       0       1       0     689       2       1       0       0      23       0       0       0       0       0       0       2      28       0 
  B-PRO       0       0       0       0       0       0       0       0       0       0      24       0       0       0       5       0       0       0       0       3       0       1       0       0 
E-TITLE       0       6       0       4       0       0       1       0       0       0       0     744       0       0      15       0       0       0       0       0       0       0       2       0 
  M-EDU       0       1       0       0       0       0       0       1       0       0       1       0     172       0       0       0       0       0       0       4       0       0       0       0 
  B-LOC       0       1       0       3       0       0       0       0       0       0       0       0       0       2       0       0       0       0       0       0       0       0       0       0 
  M-ORG       0      70       7      38       1       1       3      42       0      17      10       4       1       0    4034       3       2       0       2      25       1       3      53       5 
  E-LOC       0       2       0       0       0       0       0       0       0       0       0       0       0       0       1       3       0       0       0       0       0       0       0       0 
 E-NAME       0      16       0       0       0       0       0       3       0       0       0       0       0       0       0       0      90       0       2       0       0       0       0       0 
 E-RACE       0       1       0       0       0       0       0       0       0       0       0       0       0       0       0       0       0      13       0       0       0       0       0       0 
 M-NAME       0       3       0       0       0       0       0       0       0       0       0       0       0       0       3       0       6       0      70       0       0       0       0       0 
  M-PRO       0       0       0       0       0       0       0       3       0       0       1       0       1       0      18       0       0       0       0      44       0       1       0       0 
 M-CONT       0       0       0       0       0       0       0       0       0       0       0       0       0       0       0       0       0       0       0       0      53       0       0       0 
  B-EDU       0       0       0       0       0       0       0       0       0       0       0       0       3       0       1       0       0       0       0       0       0     108       0       0 
M-TITLE       0      44       3       3       0       0       3      17       0      35       1       6       4       0     115       0       0       0       0       7       0       2    1682       0 
  M-LOC       0       4       0       0       0       0       0       2       0       0       0       0       0       1       7       0       0       0       0       0       0       0       0       7 
加载并评估crf模型...
           precision    recall  f1-score   support
   B-CONT     1.0000    1.0000    1.0000        28
        O     0.9630    0.9732    0.9681      5190
    E-PRO     0.9091    0.9091    0.9091        33
    B-ORG     0.9636    0.9566    0.9601       553
   B-NAME     1.0000    0.9821    0.9910       112
   E-CONT     1.0000    1.0000    1.0000        28
    E-EDU     0.9910    0.9821    0.9865       112
    E-ORG     0.9199    0.9132    0.9165       553
   B-RACE     1.0000    1.0000    1.0000        14
  B-TITLE     0.9376    0.9339    0.9358       772
    B-PRO     0.9091    0.9091    0.9091        33
  E-TITLE     0.9857    0.9819    0.9838       772
    M-EDU     0.9824    0.9330    0.9570       179
    B-LOC     1.0000    0.8333    0.9091         6
    M-ORG     0.9523    0.9563    0.9543      4325
    E-LOC     1.0000    0.8333    0.9091         6
   E-NAME     1.0000    0.9821    0.9910       112
   E-RACE     1.0000    1.0000    1.0000        14
   M-NAME     1.0000    0.9756    0.9877        82
    M-PRO     0.8354    0.9706    0.8980        68
   M-CONT     1.0000    1.0000    1.0000        53
    B-EDU     0.9820    0.9732    0.9776       112
  M-TITLE     0.9248    0.9022    0.9134      1922
    M-LOC     1.0000    0.8095    0.8947        21
avg/total     0.9543    0.9543    0.9542     15100

Confusion Matrix:
         B-CONT       O   E-PRO   B-ORG  B-NAME  E-CONT   E-EDU   E-ORG  B-RACE B-TITLE   B-PRO E-TITLE   M-EDU   B-LOC   M-ORG   E-LOC  E-NAME  E-RACE  M-NAME   M-PRO  M-CONT   B-EDU M-TITLE   M-LOC 
 B-CONT      28       0       0       0       0       0       0       0       0       0       0       0       0       0       0       0       0       0       0       0       0       0       0       0 
      O       0    5051       0       9       0       0       0      11       0       6       0       5       0       0      75       0       0       0       0       0       0       0      33       0 
  E-PRO       0       0      30       0       0       0       0       1       0       0       0       0       1       0       0       0       0       0       0       1       0       0       0       0 
  B-ORG       0      11       0     529       0       0       0       0       0      12       0       0       0       0       1       0       0       0       0       0       0       0       0       0 
 B-NAME       0       2       0       0     110       0       0       0       0       0       0       0       0       0       0       0       0       0       0       0       0       0       0       0 
 E-CONT       0       0       0       0       0      28       0       0       0       0       0       0       0       0       0       0       0       0       0       0       0       0       0       0 
  E-EDU       0       0       1       0       0       0     110       0       0       0       0       0       0       0       1       0       0       0       0       0       0       0       0       0 
  E-ORG       0      13       0       0       0       0       0     505       0       0       0       1       0       0      14       0       0       0       0       0       0       0      20       0 
 B-RACE       0       0       0       0       0       0       0       0      14       0       0       0       0       0       0       0       0       0       0       0       0       0       0       0 
B-TITLE       0       9       0       7       0       0       0       0       0     721       1       0       0       0      12       0       0       0       0       0       0       0      22       0 
  B-PRO       0       0       0       0       0       0       0       0       0       0      30       0       0       0       1       0       0       0       0       1       0       1       0       0 
E-TITLE       0       9       0       0       0       0       1       1       0       0       0     758       0       0       2       0       0       0       0       0       0       0       1       0 
  M-EDU       0       1       0       0       0       0       0       1       0       0       1       0     167       0       5       0       0       0       0       4       0       0       0       0 
  B-LOC       0       0       0       1       0       0       0       0       0       0       0       0       0       5       0       0       0       0       0       0       0       0       0       0 
  M-ORG       0      91       1       1       0       0       0      12       0      11       1       2       0       0    4136       0       0       0       0       5       0       0      65       0 
  E-LOC       0       0       0       0       0       0       0       1       0       0       0       0       0       0       0       5       0       0       0       0       0       0       0       0 
 E-NAME       0       2       0       0       0       0       0       0       0       0       0       0       0       0       0       0     110       0       0       0       0       0       0       0 
 E-RACE       0       0       0       0       0       0       0       0       0       0       0       0       0       0       0       0       0      14       0       0       0       0       0       0 
 M-NAME       0       2       0       0       0       0       0       0       0       0       0       0       0       0       0       0       0       0      80       0       0       0       0       0 
  M-PRO       0       0       0       0       0       0       0       0       0       0       0       0       0       0       2       0       0       0       0      66       0       0       0       0 
 M-CONT       0       0       0       0       0       0       0       0       0       0       0       0       0       0       0       0       0       0       0       0      53       0       0       0 
  B-EDU       0       0       0       1       0       0       0       0       0       0       0       0       1       0       1       0       0       0       0       0       0     109       0       0 
M-TITLE       0      54       1       1       0       0       0      17       0      19       0       3       1       0      89       0       0       0       0       2       0       1    1734       0 
  M-LOC       0       0       0       0       0       0       0       0       0       0       0       0       0       0       4       0       0       0       0       0       0       0       0      17 
加载并评估bilstm模型...
           precision    recall  f1-score   support
   B-CONT     1.0000    1.0000    1.0000        28
        O     0.9570    0.9902    0.9733      5190
    E-PRO     0.8611    0.9394    0.8986        33
    B-ORG     0.9777    0.9512    0.9643       553
   B-NAME     0.9060    0.9464    0.9258       112
   E-CONT     1.0000    1.0000    1.0000        28
    E-EDU     0.9640    0.9554    0.9596       112
    E-ORG     0.9396    0.9005    0.9197       553
   B-RACE     1.0000    0.9286    0.9630        14
  B-TITLE     0.9503    0.9171    0.9334       772
    B-PRO     0.9062    0.8788    0.8923        33
  E-TITLE     0.9908    0.9793    0.9850       772
    M-EDU     0.9540    0.9274    0.9405       179
    B-LOC     1.0000    0.8333    0.9091         6
    M-ORG     0.9743    0.9565    0.9653      4325
    E-LOC     1.0000    0.8333    0.9091         6
   E-NAME     0.9649    0.9821    0.9735       112
   E-RACE     1.0000    1.0000    1.0000        14
   M-NAME     0.8889    0.8780    0.8834        82
    M-PRO     0.7500    0.9706    0.8462        68
   M-CONT     1.0000    1.0000    1.0000        53
    B-EDU     0.9908    0.9643    0.9774       112
  M-TITLE     0.9280    0.9053    0.9165      1922
    M-LOC     0.6250    0.7143    0.6667        21
avg/total     0.9581    0.9576    0.9576     15100

Confusion Matrix:
         B-CONT       O   E-PRO   B-ORG  B-NAME  E-CONT   E-EDU   E-ORG  B-RACE B-TITLE   B-PRO E-TITLE   M-EDU   B-LOC   M-ORG   E-LOC  E-NAME  E-RACE  M-NAME   M-PRO  M-CONT   B-EDU M-TITLE   M-LOC 
 B-CONT      28       0       0       0       0       0       0       0       0       0       0       0       0       0       0       0       0       0       0       0       0       0       0       0 
      O       0    5139       0       0       0       0       0       1       0       5       0       4       1       0      27       0       0       0       0       2       0       0      11       0 
  E-PRO       0       0      31       0       0       0       0       0       0       0       0       0       1       0       0       0       0       0       0       0       0       0       0       1 
  B-ORG       0      15       0     526       0       0       0       0       0       7       0       0       0       0       5       0       0       0       0       0       0       0       0       0 
 B-NAME       0       4       0       0     106       0       0       0       0       0       0       0       0       0       0       0       0       0       2       0       0       0       0       0 
 E-CONT       0       0       0       0       0      28       0       0       0       0       0       0       0       0       0       0       0       0       0       0       0       0       0       0 
  E-EDU       0       2       1       0       0       0     107       0       0       0       0       1       1       0       0       0       0       0       0       0       0       0       0       0 
  E-ORG       0      12       0       0       0       0       0     498       0       0       0       0       0       0      19       0       0       0       0       2       0       0      22       0 
 B-RACE       0       1       0       0       0       0       0       0      13       0       0       0       0       0       0       0       0       0       0       0       0       0       0       0 
B-TITLE       0      14       0       7       0       0       0       3       0     708       1       0       0       0       5       0       0       0       0       0       0       1      33       0 
  B-PRO       0       0       0       0       0       0       0       0       0       0      29       0       0       0       2       0       0       0       0       2       0       0       0       0 
E-TITLE       0       9       0       0       0       0       1       0       0       0       0     756       0       0       1       0       2       0       0       0       0       0       3       0 
  M-EDU       0       2       0       0       0       0       2       1       0       0       1       0     166       0       2       0       0       0       0       4       0       0       1       0 
  B-LOC       0       1       0       0       0       0       0       0       0       0       0       0       0       5       0       0       0       0       0       0       0       0       0       0 
  M-ORG       0      78       2       3       0       0       0      20       0      12       1       1       1       0    4137       0       0       0       0      10       0       0      60       0 
  E-LOC       0       1       0       0       0       0       0       0       0       0       0       0       0       0       0       5       0       0       0       0       0       0       0       0 
 E-NAME       0       1       0       0       0       0       0       0       0       0       0       0       0       0       0       0     110       0       0       0       0       0       0       0 
 E-RACE       0       0       0       0       0       0       0       0       0       0       0       0       0       0       0       0       0      14       0       0       0       0       0       0 
 M-NAME       0       2       0       0       6       0       0       0       0       0       0       0       0       0       0       0       2       0      72       0       0       0       0       0 
  M-PRO       0       0       0       0       0       0       0       1       0       0       0       0       0       0       1       0       0       0       0      66       0       0       0       0 
 M-CONT       0       0       0       0       0       0       0       0       0       0       0       0       0       0       0       0       0       0       0       0      53       0       0       0 
  B-EDU       0       0       1       0       0       0       0       0       0       0       0       0       1       0       2       0       0       0       0       0       0     108       0       0 
M-TITLE       0      89       1       2       5       0       1       5       0      13       0       1       3       0      45       0       0       0       7       2       0       0    1740       8 
  M-LOC       0       0       0       0       0       0       0       1       0       0       0       0       0       0       0       0       0       0       0       0       0       0       5      15 
加载并评估bilstm+crf模型...
           precision    recall  f1-score   support
   B-CONT     1.0000    1.0000    1.0000        28
        O     0.9530    0.9846    0.9685      5190
    E-PRO     0.9091    0.9091    0.9091        33
    B-ORG     0.9688    0.9548    0.9617       553
   B-NAME     0.9898    0.8661    0.9238       112
   E-CONT     1.0000    1.0000    1.0000        28
    E-EDU     0.9646    0.9732    0.9689       112
    E-ORG     0.9271    0.8969    0.9118       553
   B-RACE     1.0000    0.9286    0.9630        14
  B-TITLE     0.9325    0.9301    0.9313       772
    B-PRO     0.9091    0.9091    0.9091        33
  E-TITLE     0.9921    0.9767    0.9843       772
    M-EDU     0.9540    0.9274    0.9405       179
    B-LOC     0.8000    0.6667    0.7273         6
    M-ORG     0.9535    0.9635    0.9585      4325
    E-LOC     1.0000    0.8333    0.9091         6
   E-NAME     0.9810    0.9196    0.9493       112
   E-RACE     1.0000    1.0000    1.0000        14
   M-NAME     0.9146    0.9146    0.9146        82
    M-PRO     0.8421    0.9412    0.8889        68
   M-CONT     1.0000    1.0000    1.0000        53
    B-EDU     0.9907    0.9554    0.9727       112
  M-TITLE     0.9514    0.8762    0.9122      1922
    M-LOC     0.8500    0.8095    0.8293        21
avg/total     0.9537    0.9536    0.9533     15100

Confusion Matrix:
         B-CONT       O   E-PRO   B-ORG  B-NAME  E-CONT   E-EDU   E-ORG  B-RACE B-TITLE   B-PRO E-TITLE   M-EDU   B-LOC   M-ORG   E-LOC  E-NAME  E-RACE  M-NAME   M-PRO  M-CONT   B-EDU M-TITLE   M-LOC 
 B-CONT      28       0       0       0       0       0       0       0       0       0       0       0       0       0       0       0       0       0       0       0       0       0       0       0 
      O       0    5110       0       6       0       0       1       4       0       6       1       3       1       0      48       0       0       0       0       0       0       1       9       0 
  E-PRO       0       1      30       0       0       0       0       0       0       0       0       0       2       0       0       0       0       0       0       0       0       0       0       0 
  B-ORG       0      11       0     528       0       0       0       0       0       9       0       0       0       0       5       0       0       0       0       0       0       0       0       0 
 B-NAME       0      10       0       0      97       0       0       0       0       0       0       0       0       0       0       0       0       0       5       0       0       0       0       0 
 E-CONT       0       0       0       0       0      28       0       0       0       0       0       0       0       0       0       0       0       0       0       0       0       0       0       0 
  E-EDU       0       0       1       0       0       0     109       0       0       0       0       0       1       0       1       0       0       0       0       0       0       0       0       0 
  E-ORG       0      13       0       0       0       0       0     496       0       2       0       0       0       0      25       0       0       0       0       1       0       0      16       0 
 B-RACE       0       0       0       0       0       0       0       0      13       0       0       0       0       1       0       0       0       0       0       0       0       0       0       0 
B-TITLE       0      10       0       7       0       0       0       3       0     718       1       0       0       0      11       0       0       0       0       0       0       0      22       0 
  B-PRO       0       1       0       0       0       0       0       0       0       0      30       0       0       0       1       0       0       0       0       1       0       0       0       0 
E-TITLE       0      12       0       0       0       0       1       1       0       0       0     754       0       0       0       0       2       0       0       0       0       0       2       0 
  M-EDU       0       1       0       0       0       0       2       1       0       0       1       1     166       0       3       0       0       0       0       4       0       0       0       0 
  B-LOC       0       0       0       1       0       0       0       0       0       1       0       0       0       4       0       0       0       0       0       0       0       0       0       0 
  M-ORG       0      92       1       3       0       0       0      11       0       9       0       1       0       0    4167       0       0       0       0       4       0       0      37       0 
  E-LOC       0       0       0       0       0       0       0       0       0       0       0       0       0       0       1       5       0       0       0       0       0       0       0       0 
 E-NAME       0       9       0       0       0       0       0       0       0       0       0       0       0       0       0       0     103       0       0       0       0       0       0       0 
 E-RACE       0       0       0       0       0       0       0       0       0       0       0       0       0       0       0       0       0      14       0       0       0       0       0       0 
 M-NAME       0       6       0       0       1       0       0       0       0       0       0       0       0       0       0       0       0       0      75       0       0       0       0       0 
  M-PRO       0       1       0       0       0       0       0       1       0       0       0       0       0       0       2       0       0       0       0      64       0       0       0       0 
 M-CONT       0       0       0       0       0       0       0       0       0       0       0       0       0       0       0       0       0       0       0       0      53       0       0       0 
  B-EDU       0       0       0       0       0       0       0       0       0       1       0       0       2       0       2       0       0       0       0       0       0     107       0       0 
M-TITLE       0      85       1       0       0       0       0      18       0      24       0       1       2       0     100       0       0       0       2       2       0       0    1684       3 
  M-LOC       0       0       0       0       0       0       0       0       0       0       0       0       0       0       4       0       0       0       0       0       0       0       0      17 
Ensemble 四个模型的结果如下：
           precision    recall  f1-score   support
   B-CONT     1.0000    1.0000    1.0000        28
        O     0.9660    0.9757    0.9709      5190
    E-PRO     0.9143    0.9697    0.9412        33
    B-ORG     0.9710    0.9693    0.9701       553
   B-NAME     1.0000    0.9375    0.9677       112
   E-CONT     1.0000    1.0000    1.0000        28
    E-EDU     0.9820    0.9732    0.9776       112
    E-ORG     0.9437    0.9096    0.9263       553
   B-RACE     1.0000    0.9286    0.9630        14
  B-TITLE     0.9536    0.9313    0.9423       772
    B-PRO     0.8788    0.8788    0.8788        33
  E-TITLE     0.9896    0.9845    0.9870       772
    M-EDU     0.9770    0.9497    0.9632       179
    B-LOC     1.0000    0.8333    0.9091         6
    M-ORG     0.9484    0.9646    0.9564      4325
    E-LOC     1.0000    0.8333    0.9091         6
   E-NAME     0.9906    0.9375    0.9633       112
   E-RACE     1.0000    1.0000    1.0000        14
   M-NAME     1.0000    0.9756    0.9877        82
    M-PRO     0.7927    0.9559    0.8667        68
   M-CONT     1.0000    1.0000    1.0000        53
    B-EDU     0.9821    0.9821    0.9821       112
  M-TITLE     0.9384    0.9037    0.9208      1922
    M-LOC     1.0000    0.8095    0.8947        21
avg/total     0.9577    0.9575    0.9575     15100

Confusion Matrix:
         B-CONT       O   E-PRO   B-ORG  B-NAME  E-CONT   E-EDU   E-ORG  B-RACE B-TITLE   B-PRO E-TITLE   M-EDU   B-LOC   M-ORG   E-LOC  E-NAME  E-RACE  M-NAME   M-PRO  M-CONT   B-EDU M-TITLE   M-LOC 
 B-CONT      28       0       0       0       0       0       0       0       0       0       0       0       0       0       0       0       0       0       0       0       0       0       0       0 
      O       0    5064       0       4       0       0       0       5       0       5       0       5       0       0      83       0       0       0       0       0       0       0      24       0 
  E-PRO       0       0      32       0       0       0       0       0       0       0       0       0       1       0       0       0       0       0       0       0       0       0       0       0 
  B-ORG       0      10       0     536       0       0       0       0       0       5       0       0       0       0       2       0       0       0       0       0       0       0       0       0 
 B-NAME       0       7       0       0     105       0       0       0       0       0       0       0       0       0       0       0       0       0       0       0       0       0       0       0 
 E-CONT       0       0       0       0       0      28       0       0       0       0       0       0       0       0       0       0       0       0       0       0       0       0       0       0 
  E-EDU       0       0       1       0       0       0     109       0       0       0       0       0       1       0       1       0       0       0       0       0       0       0       0       0 
  E-ORG       0      10       0       0       0       0       0     503       0       1       0       0       0       0      19       0       0       0       0       2       0       0      18       0 
 B-RACE       0       1       0       0       0       0       0       0      13       0       0       0       0       0       0       0       0       0       0       0       0       0       0       0 
B-TITLE       0       8       0       9       0       0       0       0       0     719       1       0       0       0      12       0       0       0       0       0       0       0      23       0 
  B-PRO       0       0       0       0       0       0       0       0       0       0      29       0       0       0       2       0       0       0       0       1       0       1       0       0 
E-TITLE       0       6       0       0       0       0       1       0       0       0       0     760       0       0       2       0       1       0       0       0       0       0       2       0 
  M-EDU       0       1       0       0       0       0       1       1       0       0       1       0     170       0       1       0       0       0       0       4       0       0       0       0 
  B-LOC       0       0       0       1       0       0       0       0       0       0       0       0       0       5       0       0       0       0       0       0       0       0       0       0 
  M-ORG       0      69       1       2       0       0       0      13       0      10       2       1       0       0    4172       0       0       0       0       8       0       0      47       0 
  E-LOC       0       0       0       0       0       0       0       0       0       0       0       0       0       0       1       5       0       0       0       0       0       0       0       0 
 E-NAME       0       7       0       0       0       0       0       0       0       0       0       0       0       0       0       0     105       0       0       0       0       0       0       0 
 E-RACE       0       0       0       0       0       0       0       0       0       0       0       0       0       0       0       0       0      14       0       0       0       0       0       0 
 M-NAME       0       2       0       0       0       0       0       0       0       0       0       0       0       0       0       0       0       0      80       0       0       0       0       0 
  M-PRO       0       0       0       0       0       0       0       1       0       0       0       0       0       0       2       0       0       0       0      65       0       0       0       0 
 M-CONT       0       0       0       0       0       0       0       0       0       0       0       0       0       0       0       0       0       0       0       0      53       0       0       0 
  B-EDU       0       0       0       0       0       0       0       0       0       0       0       0       1       0       1       0       0       0       0       0       0     110       0       0 
M-TITLE       0      57       1       0       0       0       0      10       0      14       0       2       1       0      97       0       0       0       0       2       0       1    1737       0 
  M-LOC       0       0       0       0       0       0       0       0       0       0       0       0       0       0       4       0       0       0       0       0       0       0       0      17 
